route_id,service_id,direction_id,trip_id
134,100,0,10678
134,100,0,11996
134,100,0,12411
134,100,0,12826
134,100,0,13608
134,100,0,16869
134,100,0,19201
134,100,0,21236
134,100,0,27368
134,100,0,33739
134,100,0,3658
134,100,0,48810
134,100,0,53191
134,100,0,56924
134,100,0,62312
134,100,0,62942
134,100,0,65546
134,100,0,66393
134,100,0,71055
134,100,0,7176
134,102,0,12222
134,102,0,13659
134,102,0,18080
134,102,0,1956
134,102,0,20565
134,102,0,23497
134,102,0,24220
134,102,0,27862
134,102,0,32927
134,102,0,39869
134,102,0,51136
134,102,0,55419
134,102,0,70799
134,102,0,7514
134,103,0,10442
134,103,0,10553
134,103,0,11132
134,103,0,11412
134,103,0,11422
134,103,0,11616
134,103,0,12037
134,103,0,12086
134,103,0,1245
134,103,0,12494
134,103,0,12558
134,103,0,13591
134,103,0,14098
134,103,0,14252
134,103,0,14422
134,103,0,14840
134,103,0,15098
134,103,0,15169
134,103,0,15835
134,103,0,16201
134,103,0,16722
134,103,0,17255
134,103,0,17664
134,103,0,17845
134,103,0,18116
134,103,0,18290
134,103,0,18493
134,103,0,18818
134,103,0,18862
134,103,0,19673
134,103,0,2014
134,103,0,21071
134,103,0,2111
134,103,0,21690
134,103,0,21780
134,103,0,21817
134,103,0,22058
134,103,0,22257
134,103,0,22309
134,103,0,22341
134,103,0,22557
134,103,0,2316
134,103,0,2436
134,103,0,24749
134,103,0,25065
134,103,0,25499
134,103,0,27119
134,103,0,27555
134,103,0,27736
134,103,0,2798
134,103,0,28353
134,103,0,28692
134,103,0,29706
134,103,0,29722
134,103,0,29825
134,103,0,29864
134,103,0,29955
134,103,0,30089
134,103,0,30990
134,103,0,3115
134,103,0,31207
134,103,0,31912
134,103,0,32202
134,103,0,32216
134,103,0,32683
134,103,0,32778
134,103,0,32848
134,103,0,3312
134,103,0,33126
134,103,0,33764
134,103,0,33969
134,103,0,34099
134,103,0,34416
134,103,0,34757
134,103,0,35175
134,103,0,35535
134,103,0,35536
134,103,0,36173
134,103,0,36613
134,103,0,36703
134,103,0,36975
134,103,0,37074
134,103,0,37387
134,103,0,37896
134,103,0,37904
134,103,0,3811
134,103,0,38345
134,103,0,3874
134,103,0,38805
134,103,0,39189
134,103,0,39475
134,103,0,39923
134,103,0,40758
134,103,0,41303
134,103,0,4193
134,103,0,42099
134,103,0,4222
134,103,0,42657
134,103,0,42835
134,103,0,42980
134,103,0,44173
134,103,0,44493
134,103,0,44557
134,103,0,44657
134,103,0,44770
134,103,0,45191
134,103,0,45266
134,103,0,4594
134,103,0,46026
134,103,0,46269
134,103,0,4642
134,103,0,46743
134,103,0,47462
134,103,0,48362
134,103,0,48639
134,103,0,48705
134,103,0,49171
134,103,0,49843
134,103,0,49858
134,103,0,50241
134,103,0,50392
134,103,0,50581
134,103,0,50672
134,103,0,50690
134,103,0,51735
134,103,0,51883
134,103,0,52228
134,103,0,53173
134,103,0,53278
134,103,0,53867
134,103,0,53893
134,103,0,54100
134,103,0,54404
134,103,0,5457
134,103,0,54676
134,103,0,54703
134,103,0,54725
134,103,0,54741
134,103,0,55252
134,103,0,55402
134,103,0,55544
134,103,0,55851
134,103,0,56121
134,103,0,56871
134,103,0,57171
134,103,0,57657
134,103,0,57959
134,103,0,58013
134,103,0,58499
134,103,0,59358
134,103,0,59597
134,103,0,59946
134,103,0,60293
134,103,0,60576
134,103,0,60698
134,103,0,61137
134,103,0,62214
134,103,0,62272
134,103,0,62285
134,103,0,62699
134,103,0,62772
134,103,0,62816
134,103,0,62932
134,103,0,64070
134,103,0,65239
134,103,0,65400
134,103,0,65741
134,103,0,66250
134,103,0,6666
134,103,0,67024
134,103,0,675
134,103,0,67898
134,103,0,6808
134,103,0,6831
134,103,0,68694
134,103,0,70481
134,103,0,7085
134,103,0,71116
134,103,0,71258
134,103,0,760
134,103,0,7668
134,103,0,7826
134,103,0,7985
134,103,0,8431
134,103,0,8641
134,103,0,8649
134,103,0,9618
134,104,0,10299
134,104,0,14356
134,104,0,15909
134,104,0,16579
134,104,0,16627
134,104,0,21329
134,104,0,25720
134,104,0,2686
134,104,0,31839
134,104,0,32674
134,104,0,37710
134,104,0,38308
134,104,0,39128
134,104,0,40911
134,104,0,41898
134,104,0,42302
134,104,0,43087
134,104,0,43339
134,104,0,44150
134,104,0,45521
134,104,0,45763
134,104,0,46544
134,104,0,46644
134,104,0,46908
134,104,0,47430
134,104,0,49776
134,104,0,50261
134,104,0,50850
134,104,0,51204
134,104,0,51712
134,104,0,52539
134,104,0,53037
134,104,0,55420
134,104,0,58012
134,104,0,60780
134,104,0,61162
134,104,0,65666
134,104,0,6645
134,104,0,66695
134,104,0,67177
134,104,0,70080
134,104,0,70989
134,104,0,9193
134,105,0,10133
134,105,0,11293
134,105,0,19816
134,105,0,2015
134,105,0,21389
134,105,0,2340
134,105,0,23816
134,105,0,262
134,105,0,30894
134,105,0,32995
134,105,0,34168
134,105,0,37214
134,105,0,37863
134,105,0,38010
134,105,0,40691
134,105,0,4143
134,105,0,42270
134,105,0,5092
134,105,0,54111
134,105,0,54380
134,105,0,55113
134,105,0,62304
134,105,0,62842
134,105,0,64076
134,105,0,64638
134,105,0,66391
134,105,0,68054
134,105,0,70224
134,105,0,70784
134,105,0,8693
134,122,0,2213
134,122,0,61572
134,122,0,65232
134,125,0,10460
134,125,0,11894
134,125,0,19563
134,125,0,21066
134,125,0,22747
134,125,0,34212
134,125,0,46564
134,125,0,4680
134,125,0,60611
134,125,0,6995
134,125,0,70697
134,127,0,11827
134,127,0,3724
134,127,0,39895
134,127,0,62461
134,131,0,70505
134,135,0,1510
134,135,0,22736
134,135,0,48876
134,135,0,52988
134,135,0,56
134,135,0,60558
134,135,0,61949
134,135,0,65533
134,137,0,8603
134,166,0,40838
134,80,0,12135
134,80,0,16282
134,80,0,39843
134,80,0,41242
134,80,0,51310
134,80,0,54009
134,80,0,54955
134,80,0,60215
134,80,0,65337
134,80,0,70529
134,80,0,9413
134,81,0,10400
134,81,0,10482
134,81,0,10828
134,81,0,11186
134,81,0,1147
134,81,0,11758
134,81,0,13785
134,81,0,18838
134,81,0,19074
134,81,0,19363
134,81,0,20146
134,81,0,20939
134,81,0,23100
134,81,0,2320
134,81,0,23230
134,81,0,23262
134,81,0,25789
134,81,0,26823
134,81,0,30285
134,81,0,30890
134,81,0,31458
134,81,0,34963
134,81,0,34976
134,81,0,35020
134,81,0,36099
134,81,0,36327
134,81,0,37464
134,81,0,37569
134,81,0,37854
134,81,0,38656
134,81,0,40380
134,81,0,43777
134,81,0,44191
134,81,0,45428
134,81,0,45736
134,81,0,45844
134,81,0,46900
134,81,0,47927
134,81,0,49862
134,81,0,52358
134,81,0,53258
134,81,0,54954
134,81,0,5496
134,81,0,56038
134,81,0,56842
134,81,0,58615
134,81,0,58931
134,81,0,60077
134,81,0,6036
134,81,0,61418
134,81,0,62605
134,81,0,63727
134,81,0,63758
134,81,0,63763
134,81,0,6510
134,81,0,65311
134,81,0,68370
134,81,0,68979
134,81,0,69513
134,81,0,7458
134,81,0,8033
134,85,0,11706
134,85,0,12158
134,85,0,12281
134,85,0,12916
134,85,0,14428
134,85,0,15631
134,85,0,15941
134,85,0,17174
134,85,0,18224
134,85,0,20976
134,85,0,22500
134,85,0,23275
134,85,0,23879
134,85,0,23992
134,85,0,25416
134,85,0,26219
134,85,0,26702
134,85,0,27473
134,85,0,27474
134,85,0,27781
134,85,0,27796
134,85,0,2837
134,85,0,28393
134,85,0,29886
134,85,0,29981
134,85,0,3
134,85,0,30140
134,85,0,30141
134,85,0,30323
134,85,0,30454
134,85,0,32941
134,85,0,33181
134,85,0,34163
134,85,0,35590
134,85,0,3565
134,85,0,36241
134,85,0,37733
134,85,0,3780
134,85,0,37994
134,85,0,38240
134,85,0,3917
134,85,0,39474
134,85,0,39957
134,85,0,41810
134,85,0,41944
134,85,0,43072
134,85,0,4373
134,85,0,44701
134,85,0,45897
134,85,0,46539
134,85,0,47525
134,85,0,47709
134,85,0,51142
134,85,0,51880
134,85,0,53289
134,85,0,55139
134,85,0,56654
134,85,0,57306
134,85,0,58286
134,85,0,62172
134,85,0,62543
134,85,0,64583
134,85,0,65848
134,85,0,65995
134,85,0,66836
134,85,0,67599
134,85,0,67936
134,85,0,71273
134,85,0,747
134,85,0,7808
134,85,0,7822
134,86,0,49270
134,87,0,10303
134,87,0,11312
134,87,0,13046
134,87,0,19055
134,87,0,20118
134,87,0,20640
134,87,0,22007
134,87,0,22725
134,87,0,27160
134,87,0,5042
134,87,0,50480
134,87,0,52644
134,87,0,56394
134,87,0,59067
134,87,0,59848
134,87,0,66773
134,87,0,67105
134,87,0,67625
134,89,0,10115
134,89,0,11266
134,89,0,11475
134,89,0,11693
134,89,0,14026
134,89,0,14878
134,89,0,15567
134,89,0,15650
134,89,0,165
134,89,0,16845
134,89,0,17033
134,89,0,18118
134,89,0,19210
134,89,0,21047
134,89,0,21419
134,89,0,21578
134,89,0,22074
134,89,0,22162
134,89,0,22870
134,89,0,23147
134,89,0,26121
134,89,0,26384
134,89,0,27038
134,89,0,27039
134,89,0,27258
134,89,0,27616
134,89,0,28197
134,89,0,28943
134,89,0,29824
134,89,0,30161
134,89,0,30518
134,89,0,3154
134,89,0,31987
134,89,0,32240
134,89,0,33538
134,89,0,35349
134,89,0,36885
134,89,0,37562
134,89,0,38177
134,89,0,41470
134,89,0,41799
134,89,0,43329
134,89,0,44278
134,89,0,44796
134,89,0,49997
134,89,0,50175
134,89,0,52430
134,89,0,52666
134,89,0,52741
134,89,0,55500
134,89,0,55686
134,89,0,57249
134,89,0,58079
134,89,0,5903
134,89,0,60120
134,89,0,60674
134,89,0,61121
134,89,0,62389
134,89,0,62508
134,89,0,62909
134,89,0,63849
134,89,0,64037
134,89,0,64297
134,89,0,64780
134,89,0,66806
134,89,0,6683
134,89,0,67376
134,89,0,67731
134,89,0,68098
134,89,0,69597
134,89,0,70142
134,89,0,8818
134,89,0,9641
134,90,0,22850
134,90,0,37167
134,90,0,53696
134,90,0,54861
134,90,0,59425
134,90,0,60072
134,91,0,42961
134,92,0,14145
134,92,0,26029
134,92,0,52581
134,92,0,55451
134,92,0,56882
134,92,0,8230
134,93,0,12860
134,93,0,13684
134,93,0,14781
134,93,0,16025
134,93,0,33982
134,93,0,35160
134,93,0,3931
134,93,0,56932
134,93,0,57016
134,93,0,62980
134,93,0,64964
134,93,0,70188
134,96,0,21926
134,96,0,29379
134,96,0,34354
134,96,0,38618
134,96,0,43583
134,96,0,46349
134,96,0,52632
134,96,0,55497
134,96,0,60006
134,96,0,67235
134,96,0,67324
134,96,0,968
134,98,0,11724
134,98,0,213
134,98,0,45714
134,98,0,46250
134,98,0,47990
134,98,0,60811
134,98,0,62030
134,99,0,15483
134,99,0,18525
134,99,0,35605
134,99,0,37366
134,99,0,39594
134,99,0,40383
134,99,0,44620
134,99,0,46132
134,99,0,64875
134,99,0,6964
134,99,0,70674
94,1,0,1895
94,100,0,15005
94,102,0,12288
94,102,0,1299
94,102,0,1649
94,102,0,21790
94,102,0,33412
94,102,0,41421
94,102,0,50410
94,102,0,53421
94,102,0,55739
94,102,0,60658
94,102,0,60754
94,102,0,63397
94,102,0,69462
94,102,0,8044
94,103,0,10184
94,103,0,10499
94,103,0,10812
94,103,0,11438
94,103,0,11598
94,103,0,12209
94,103,0,12215
94,103,0,12422
94,103,0,12424
94,103,0,13168
94,103,0,13311
94,103,0,13329
94,103,0,13466
94,103,0,13515
94,103,0,14146
94,103,0,15967
94,103,0,16248
94,103,0,16559
94,103,0,16862
94,103,0,17263
94,103,0,1757
94,103,0,17672
94,103,0,17950
94,103,0,18119
94,103,0,19319
94,103,0,19498
94,103,0,19977
94,103,0,20175
94,103,0,20478
94,103,0,20633
94,103,0,21267
94,103,0,21301
94,103,0,21741
94,103,0,22050
94,103,0,22310
94,103,0,22649
94,103,0,22924
94,103,0,23044
94,103,0,23153
94,103,0,23880
94,103,0,23993
94,103,0,24508
94,103,0,25012
94,103,0,2504
94,103,0,25447
94,103,0,26438
94,103,0,26633
94,103,0,27161
94,103,0,27360
94,103,0,27585
94,103,0,28073
94,103,0,28415
94,103,0,28551
94,103,0,28616
94,103,0,2871
94,103,0,28759
94,103,0,29483
94,103,0,29624
94,103,0,30067
94,103,0,30393
94,103,0,30404
94,103,0,30562
94,103,0,30775
94,103,0,30820
94,103,0,3094
94,103,0,31615
94,103,0,31824
94,103,0,31853
94,103,0,32551
94,103,0,3279
94,103,0,33820
94,103,0,34387
94,103,0,34541
94,103,0,34752
94,103,0,34836
94,103,0,34980
94,103,0,3507
94,103,0,3590
94,103,0,36047
94,103,0,36115
94,103,0,36919
94,103,0,36987
94,103,0,375
94,103,0,37660
94,103,0,37746
94,103,0,37987
94,103,0,3868
94,103,0,38730
94,103,0,38861
94,103,0,39190
94,103,0,39263
94,103,0,39380
94,103,0,39870
94,103,0,3991
94,103,0,40005
94,103,0,4017
94,103,0,4018
94,103,0,40274
94,103,0,40692
94,103,0,41304
94,103,0,41366
94,103,0,4250
94,103,0,42533
94,103,0,43052
94,103,0,43079
94,103,0,4383
94,103,0,43832
94,103,0,43916
94,103,0,43997
94,103,0,44673
94,103,0,44883
94,103,0,45202
94,103,0,45411
94,103,0,45412
94,103,0,45673
94,103,0,46235
94,103,0,46925
94,103,0,47385
94,103,0,47517
94,103,0,47656
94,103,0,48009
94,103,0,48212
94,103,0,48299
94,103,0,48859
94,103,0,49120
94,103,0,49419
94,103,0,49584
94,103,0,50167
94,103,0,50296
94,103,0,50455
94,103,0,50756
94,103,0,50914
94,103,0,51150
94,103,0,51455
94,103,0,51461
94,103,0,51516
94,103,0,51708
94,103,0,51837
94,103,0,52032
94,103,0,52344
94,103,0,52599
94,103,0,52682
94,103,0,52719
94,103,0,5277
94,103,0,52923
94,103,0,53051
94,103,0,53130
94,103,0,53186
94,103,0,5375
94,103,0,53778
94,103,0,54010
94,103,0,54208
94,103,0,54225
94,103,0,54249
94,103,0,54561
94,103,0,55118
94,103,0,5521
94,103,0,55260
94,103,0,55489
94,103,0,55563
94,103,0,55797
94,103,0,55898
94,103,0,55899
94,103,0,56017
94,103,0,5604
94,103,0,56190
94,103,0,56316
94,103,0,56382
94,103,0,56702
94,103,0,56737
94,103,0,57491
94,103,0,57768
94,103,0,5806
94,103,0,58297
94,103,0,58557
94,103,0,58721
94,103,0,60296
94,103,0,60548
94,103,0,60559
94,103,0,60664
94,103,0,61644
94,103,0,61885
94,103,0,61939
94,103,0,61976
94,103,0,61993
94,103,0,62538
94,103,0,62756
94,103,0,62806
94,103,0,63503
94,103,0,63720
94,103,0,64138
94,103,0,64272
94,103,0,64689
94,103,0,64936
94,103,0,64994
94,103,0,65084
94,103,0,65085
94,103,0,65540
94,103,0,65667
94,103,0,66295
94,103,0,66426
94,103,0,67132
94,103,0,67271
94,103,0,67382
94,103,0,67388
94,103,0,6784
94,103,0,67941
94,103,0,67945
94,103,0,6817
94,103,0,68561
94,103,0,68584
94,103,0,68942
94,103,0,69591
94,103,0,70869
94,103,0,71426
94,103,0,7552
94,103,0,7986
94,103,0,810
94,103,0,8464
94,103,0,8893
94,103,0,951
94,103,0,9623
94,104,0,9387
94,118,0,36910
94,122,0,47840
94,122,0,49487
94,133,0,43308
94,135,0,40958
94,135,0,51647
94,136,0,64773
94,152,0,32756
94,152,0,8104
94,168,0,4336
94,6,0,47745
94,80,0,12246
94,80,0,30146
94,80,0,34505
94,80,0,37283
94,80,0,37413
94,80,0,38416
94,80,0,45694
94,80,0,59522
94,80,0,71011
94,80,0,8719
94,81,0,11006
94,81,0,1118
94,81,0,11192
94,81,0,1141
94,81,0,11419
94,81,0,11680
94,81,0,12350
94,81,0,13387
94,81,0,14386
94,81,0,14404
94,81,0,15878
94,81,0,1607
94,81,0,17363
94,81,0,18130
94,81,0,18864
94,81,0,19947
94,81,0,20038
94,81,0,20622
94,81,0,21763
94,81,0,22213
94,81,0,23356
94,81,0,25762
94,81,0,26712
94,81,0,2695
94,81,0,27130
94,81,0,27722
94,81,0,29764
94,81,0,29995
94,81,0,30261
94,81,0,30692
94,81,0,30707
94,81,0,31226
94,81,0,31660
94,81,0,32060
94,81,0,33510
94,81,0,3392
94,81,0,34170
94,81,0,34621
94,81,0,34691
94,81,0,35505
94,81,0,35689
94,81,0,36580
94,81,0,37550
94,81,0,37774
94,81,0,37969
94,81,0,38488
94,81,0,38662
94,81,0,39941
94,81,0,39949
94,81,0,40111
94,81,0,40357
94,81,0,40496
94,81,0,40855
94,81,0,40964
94,81,0,41122
94,81,0,4175
94,81,0,43284
94,81,0,43319
94,81,0,43354
94,81,0,4366
94,81,0,44047
94,81,0,44232
94,81,0,44658
94,81,0,44877
94,81,0,44903
94,81,0,450
94,81,0,45628
94,81,0,45909
94,81,0,46571
94,81,0,46610
94,81,0,47841
94,81,0,4800
94,81,0,4815
94,81,0,4824
94,81,0,48366
94,81,0,48463
94,81,0,48924
94,81,0,49059
94,81,0,4953
94,81,0,50233
94,81,0,5172
94,81,0,51893
94,81,0,52144
94,81,0,52472
94,81,0,53137
94,81,0,53151
94,81,0,54050
94,81,0,54202
94,81,0,54427
94,81,0,54656
94,81,0,54929
94,81,0,55156
94,81,0,55413
94,81,0,55949
94,81,0,55991
94,81,0,57030
94,81,0,57299
94,81,0,57795
94,81,0,58985
94,81,0,59198
94,81,0,60082
94,81,0,60197
94,81,0,60249
94,81,0,60422
94,81,0,61197
94,81,0,61577
94,81,0,61716
94,81,0,62340
94,81,0,63701
94,81,0,64886
94,81,0,66097
94,81,0,66285
94,81,0,66492
94,81,0,67034
94,81,0,67766
94,81,0,67853
94,81,0,69185
94,81,0,6965
94,81,0,6998
94,81,0,70003
94,81,0,70081
94,81,0,7324
94,81,0,7334
94,81,0,7597
94,81,0,7841
94,81,0,8604
94,81,0,8720
94,81,0,8837
94,81,0,8945
94,81,0,8984
94,81,0,9194
94,81,0,9240
94,81,0,9797
94,81,0,988
94,85,0,10268
94,85,0,10415
94,85,0,10445
94,85,0,11956
94,85,0,12122
94,85,0,12195
94,85,0,13552
94,85,0,13561
94,85,0,14127
94,85,0,14471
94,85,0,14997
94,85,0,15565
94,85,0,16076
94,85,0,16285
94,85,0,16365
94,85,0,16451
94,85,0,17400
94,85,0,17409
94,85,0,17501
94,85,0,18699
94,85,0,18863
94,85,0,18911
94,85,0,20322
94,85,0,21096
94,85,0,214
94,85,0,22531
94,85,0,22542
94,85,0,22626
94,85,0,22953
94,85,0,23652
94,85,0,237
94,85,0,23747
94,85,0,24573
94,85,0,24936
94,85,0,25532
94,85,0,25831
94,85,0,26865
94,85,0,27364
94,85,0,27396
94,85,0,28297
94,85,0,28336
94,85,0,28342
94,85,0,28501
94,85,0,2858
94,85,0,30533
94,85,0,30630
94,85,0,31522
94,85,0,31785
94,85,0,31818
94,85,0,31936
94,85,0,32121
94,85,0,32389
94,85,0,32512
94,85,0,32571
94,85,0,32577
94,85,0,33476
94,85,0,33734
94,85,0,33936
94,85,0,34046
94,85,0,34162
94,85,0,34291
94,85,0,35288
94,85,0,35652
94,85,0,35721
94,85,0,36558
94,85,0,37303
94,85,0,37641
94,85,0,38431
94,85,0,39629
94,85,0,39748
94,85,0,39856
94,85,0,40879
94,85,0,41002
94,85,0,41137
94,85,0,41780
94,85,0,41809
94,85,0,42203
94,85,0,4279
94,85,0,43078
94,85,0,43088
94,85,0,43381
94,85,0,43672
94,85,0,43897
94,85,0,44101
94,85,0,44439
94,85,0,44548
94,85,0,44806
94,85,0,46219
94,85,0,4627
94,85,0,46683
94,85,0,46711
94,85,0,47863
94,85,0,48153
94,85,0,49201
94,85,0,49334
94,85,0,49467
94,85,0,49569
94,85,0,50022
94,85,0,50078
94,85,0,50184
94,85,0,50187
94,85,0,50285
94,85,0,50462
94,85,0,5067
94,85,0,50955
94,85,0,51248
94,85,0,51471
94,85,0,52563
94,85,0,52622
94,85,0,54062
94,85,0,54752
94,85,0,55822
94,85,0,55880
94,85,0,56180
94,85,0,56514
94,85,0,56818
94,85,0,58110
94,85,0,60342
94,85,0,60403
94,85,0,61465
94,85,0,61826
94,85,0,62390
94,85,0,62750
94,85,0,62871
94,85,0,63026
94,85,0,63038
94,85,0,63162
94,85,0,63565
94,85,0,63644
94,85,0,63759
94,85,0,64427
94,85,0,65498
94,85,0,65909
94,85,0,66018
94,85,0,66053
94,85,0,66962
94,85,0,67227
94,85,0,67231
94,85,0,67516
94,85,0,68397
94,85,0,68545
94,85,0,6988
94,85,0,69978
94,85,0,70122
94,85,0,70554
94,85,0,71157
94,85,0,71229
94,85,0,7639
94,85,0,8388
94,85,0,9154
94,85,0,9477
94,85,0,9665
94,86,0,12428
94,87,0,33670
94,89,0,1570
94,89,0,15920
94,89,0,18720
94,89,0,21351
94,89,0,23979
94,89,0,25446
94,89,0,27116
94,89,0,27191
94,89,0,30061
94,89,0,3166
94,89,0,34816
94,89,0,34988
94,89,0,36270
94,89,0,37091
94,89,0,38067
94,89,0,40198
94,89,0,4064
94,89,0,40965
94,89,0,41808
94,89,0,43315
94,89,0,43426
94,89,0,44578
94,89,0,5255
94,89,0,54049
94,89,0,5634
94,89,0,56404
94,89,0,57851
94,89,0,59389
94,89,0,60146
94,89,0,63423
94,89,0,67136
94,89,0,70093
94,89,0,71331
94,89,0,7650
94,89,0,878
94,89,0,9052
94,90,0,13986
94,90,0,16586
94,90,0,19797
94,90,0,5371
94,90,0,57194
94,90,0,60092
94,92,0,6115
94,92,0,65233
94,93,0,10846
94,93,0,58641
94,96,0,46540
94,96,0,4866
94,98,0,34311
94,98,0,66923
94,98,0,8316
94,99,0,18249
94,99,0,2045
94,99,0,45986
94,99,0,5189
94,99,0,5918
94,99,0,66258
94,99,0,67776
94,99,0,70917
773,81,0,10657
773,81,0,2062
773,81,0,30980
773,81,0,32974
773,81,0,38876
773,81,0,45295
773,81,0,48353
773,81,0,49040
773,81,0,52160
773,81,0,53577
773,81,0,55324
773,81,0,55462
773,81,0,58164
773,81,0,65687
773,81,0,67221
773,81,0,67360
773,81,0,71377
773,93,0,66617
773,98,0,49844
773,98,0,58720
773,98,0,8306
135,102,0,21450
135,103,0,10121
135,103,0,11739
135,103,0,12773
135,103,0,14451
135,103,0,15468
135,103,0,16306
135,103,0,17284
135,103,0,1739
135,103,0,1803
135,103,0,18515
135,103,0,19487
135,103,0,20570
135,103,0,21861
135,103,0,22311
135,103,0,23399
135,103,0,23931
135,103,0,24873
135,103,0,24975
135,103,0,26030
135,103,0,26352
135,103,0,27828
135,103,0,28663
135,103,0,29853
135,103,0,3088
135,103,0,32568
135,103,0,32749
135,103,0,32968
135,103,0,34622
135,103,0,36403
135,103,0,37122
135,103,0,37915
135,103,0,38324
135,103,0,40983
135,103,0,41844
135,103,0,43142
135,103,0,4571
135,103,0,45958
135,103,0,46497
135,103,0,46926
135,103,0,4785
135,103,0,48440
135,103,0,49804
135,103,0,50973
135,103,0,5159
135,103,0,53118
135,103,0,5388
135,103,0,54987
135,103,0,62199
135,103,0,62725
135,103,0,64056
135,103,0,64316
135,103,0,67451
135,103,0,68318
135,103,0,6851
135,103,0,69341
135,103,0,70855
135,103,0,7454
135,103,0,8041
135,103,0,815
135,103,0,8346
135,118,0,12740
135,118,0,15020
135,118,0,15791
135,118,0,16806
135,118,0,21730
135,118,0,2375
135,118,0,33405
135,118,0,3393
135,118,0,35961
135,118,0,39456
135,118,0,46116
135,118,0,52628
135,118,0,55370
135,118,0,5777
135,118,0,59245
135,118,0,60590
135,118,0,65716
135,118,0,70497
135,118,0,71439
135,121,0,67788
135,129,0,45600
135,139,0,1006
135,139,0,15429
135,139,0,16242
135,139,0,1780
135,139,0,30434
135,139,0,38382
135,139,0,46017
135,139,0,47942
135,139,0,66190
135,139,0,69011
135,164,0,1600
135,27,0,19510
135,80,0,22925
135,80,0,27429
135,80,0,45697
135,80,0,45980
135,80,0,60198
135,81,0,10495
135,81,0,12247
135,81,0,12300
135,81,0,13191
135,81,0,14173
135,81,0,15433
135,81,0,16323
135,81,0,1720
135,81,0,18120
135,81,0,18405
135,81,0,18776
135,81,0,19211
135,81,0,19691
135,81,0,19885
135,81,0,20273
135,81,0,20440
135,81,0,20991
135,81,0,21791
135,81,0,21968
135,81,0,22616
135,81,0,22688
135,81,0,23341
135,81,0,26032
135,81,0,26223
135,81,0,26536
135,81,0,28485
135,81,0,28511
135,81,0,28596
135,81,0,28905
135,81,0,29309
135,81,0,30515
135,81,0,30733
135,81,0,31064
135,81,0,31157
135,81,0,32627
135,81,0,33633
135,81,0,3402
135,81,0,34767
135,81,0,35692
135,81,0,35894
135,81,0,36544
135,81,0,37066
135,81,0,38687
135,81,0,38877
135,81,0,4000
135,81,0,40193
135,81,0,41696
135,81,0,42577
135,81,0,42619
135,81,0,42777
135,81,0,43492
135,81,0,46061
135,81,0,46645
135,81,0,46673
135,81,0,48080
135,81,0,48311
135,81,0,4867
135,81,0,49041
135,81,0,50088
135,81,0,50202
135,81,0,51976
135,81,0,52331
135,81,0,54127
135,81,0,56142
135,81,0,57570
135,81,0,58472
135,81,0,58784
135,81,0,60482
135,81,0,6060
135,81,0,60687
135,81,0,6222
135,81,0,62766
135,81,0,63000
135,81,0,63235
135,81,0,63989
135,81,0,65122
135,81,0,65638
135,81,0,65996
135,81,0,66088
135,81,0,66157
135,81,0,66689
135,81,0,67198
135,81,0,68546
135,81,0,69983
135,81,0,70243
135,81,0,71209
135,81,0,7380
135,81,0,7728
135,81,0,8578
135,81,0,8917
135,81,0,9050
135,81,0,9430
135,84,0,16547
135,85,0,10064
135,85,0,10259
135,85,0,1034
135,85,0,10603
135,85,0,11299
135,85,0,11551
135,85,0,11846
135,85,0,1185
135,85,0,12087
135,85,0,12376
135,85,0,12429
135,85,0,12725
135,85,0,12953
135,85,0,13090
135,85,0,13236
135,85,0,13244
135,85,0,13339
135,85,0,13349
135,85,0,13355
135,85,0,13816
135,85,0,13832
135,85,0,14152
135,85,0,14304
135,85,0,14615
135,85,0,14806
135,85,0,15523
135,85,0,15632
135,85,0,16302
135,85,0,1679
135,85,0,17737
135,85,0,17757
135,85,0,17802
135,85,0,18199
135,85,0,18841
135,85,0,20106
135,85,0,20387
135,85,0,20728
135,85,0,21204
135,85,0,21595
135,85,0,21616
135,85,0,22038
135,85,0,22466
135,85,0,22748
135,85,0,23285
135,85,0,24204
135,85,0,24931
135,85,0,25215
135,85,0,25598
135,85,0,26006
135,85,0,26010
135,85,0,26586
135,85,0,27631
135,85,0,27834
135,85,0,28425
135,85,0,28460
135,85,0,28502
135,85,0,28600
135,85,0,2891
135,85,0,29014
135,85,0,29449
135,85,0,29586
135,85,0,29815
135,85,0,29852
135,85,0,30421
135,85,0,30776
135,85,0,31144
135,85,0,31874
135,85,0,32390
135,85,0,32430
135,85,0,3264
135,85,0,33198
135,85,0,33323
135,85,0,34020
135,85,0,34201
135,85,0,34396
135,85,0,34680
135,85,0,34741
135,85,0,34796
135,85,0,34837
135,85,0,35490
135,85,0,35499
135,85,0,35546
135,85,0,35981
135,85,0,3601
135,85,0,36043
135,85,0,36385
135,85,0,36707
135,85,0,36776
135,85,0,36960
135,85,0,37437
135,85,0,37642
135,85,0,37881
135,85,0,38033
135,85,0,38139
135,85,0,38484
135,85,0,38501
135,85,0,38541
135,85,0,38651
135,85,0,39121
135,85,0,39373
135,85,0,39493
135,85,0,39637
135,85,0,39932
135,85,0,40067
135,85,0,40124
135,85,0,40703
135,85,0,41094
135,85,0,413
135,85,0,4205
135,85,0,42156
135,85,0,4260
135,85,0,42878
135,85,0,43155
135,85,0,43743
135,85,0,44674
135,85,0,44728
135,85,0,4507
135,85,0,45151
135,85,0,4581
135,85,0,45881
135,85,0,46021
135,85,0,4619
135,85,0,46202
135,85,0,46604
135,85,0,46672
135,85,0,46954
135,85,0,46967
135,85,0,47197
135,85,0,47379
135,85,0,47739
135,85,0,47817
135,85,0,4787
135,85,0,47931
135,85,0,47982
135,85,0,48474
135,85,0,48656
135,85,0,48871
135,85,0,49112
135,85,0,49611
135,85,0,49960
135,85,0,49998
135,85,0,50293
135,85,0,50791
135,85,0,50905
135,85,0,51099
135,85,0,51170
135,85,0,51283
135,85,0,51801
135,85,0,51930
135,85,0,51980
135,85,0,52131
135,85,0,52842
135,85,0,53219
135,85,0,53719
135,85,0,53868
135,85,0,53942
135,85,0,54365
135,85,0,54389
135,85,0,54509
135,85,0,54892
135,85,0,55242
135,85,0,5582
135,85,0,56154
135,85,0,56532
135,85,0,5662
135,85,0,56713
135,85,0,56944
135,85,0,57314
135,85,0,57401
135,85,0,5751
135,85,0,57522
135,85,0,57551
135,85,0,5866
135,85,0,59098
135,85,0,59313
135,85,0,59332
135,85,0,60374
135,85,0,60688
135,85,0,60746
135,85,0,61247
135,85,0,61341
135,85,0,62060
135,85,0,62064
135,85,0,62794
135,85,0,63223
135,85,0,64173
135,85,0,64292
135,85,0,64305
135,85,0,64451
135,85,0,64900
135,85,0,66203
135,85,0,66541
135,85,0,66963
135,85,0,67182
135,85,0,67214
135,85,0,67680
135,85,0,67709
135,85,0,67949
135,85,0,68015
135,85,0,6809
135,85,0,68446
135,85,0,68547
135,85,0,68555
135,85,0,68747
135,85,0,69098
135,85,0,69213
135,85,0,69556
135,85,0,69827
135,85,0,70104
135,85,0,70601
135,85,0,70662
135,85,0,71207
135,85,0,71208
135,85,0,7233
135,85,0,7251
135,85,0,7658
135,85,0,805
135,85,0,8421
135,85,0,8911
135,85,0,8985
135,85,0,9104
135,85,0,9262
135,85,0,9478
135,85,0,9612
135,85,0,9719
135,85,0,9788
135,87,0,10848
135,87,0,14361
135,87,0,20486
135,87,0,27562
135,87,0,32316
135,87,0,3577
135,87,0,40789
135,87,0,44978
135,87,0,47537
135,87,0,48543
135,87,0,54745
135,87,0,64912
135,87,0,66952
135,88,0,29773
135,88,0,59097
135,90,0,20537
135,90,0,23027
135,90,0,25506
135,90,0,49987
135,90,0,60989
135,90,0,68976
135,90,0,70177
135,90,0,7161
135,92,0,24719
135,92,0,29201
135,92,0,56277
135,95,0,12745
135,95,0,13504
135,95,0,13804
135,95,0,1415
135,95,0,15857
135,95,0,16239
135,95,0,18700
135,95,0,19592
135,95,0,19747
135,95,0,19830
135,95,0,2028
135,95,0,21661
135,95,0,23226
135,95,0,23472
135,95,0,24583
135,95,0,26156
135,95,0,28146
135,95,0,31243
135,95,0,31295
135,95,0,32108
135,95,0,32892
135,95,0,33360
135,95,0,34782
135,95,0,36879
135,95,0,36977
135,95,0,37953
135,95,0,41422
135,95,0,41502
135,95,0,42541
135,95,0,43728
135,95,0,48483
135,95,0,49426
135,95,0,49468
135,95,0,51224
135,95,0,53521
135,95,0,53566
135,95,0,54291
135,95,0,56972
135,95,0,58770
135,95,0,5927
135,95,0,59743
135,95,0,62943
135,95,0,63252
135,95,0,64230
135,95,0,64327
135,95,0,681
135,95,0,68134
135,95,0,7000
135,95,0,70333
135,95,0,71069
135,95,0,71179
135,95,0,71274
135,95,0,7769
135,95,0,786
135,95,0,9928
135,96,0,1836
135,96,0,37084
135,96,0,59805
135,96,0,6259
135,96,0,64809
135,96,0,68476
135,96,0,70361
135,96,0,9491
132,100,0,19569
132,100,0,60828
132,100,0,61122
132,100,0,61130
132,100,0,66094
132,103,0,15515
132,106,0,27754
132,122,0,46500
132,128,0,1692
132,128,0,19271
132,128,0,62341
132,129,0,11235
132,129,0,14547
132,129,0,16026
132,129,0,31733
132,129,0,33804
132,129,0,37477
132,129,0,60432
132,129,0,67502
132,129,0,68391
132,149,0,11476
132,149,0,14690
132,149,0,17014
132,149,0,18030
132,149,0,22051
132,149,0,39040
132,149,0,66120
132,29,0,31621
132,29,0,67229
132,47,0,56703
132,56,0,21816
132,79,0,10776
132,79,0,15890
132,79,0,26327
132,79,0,29281
132,79,0,29839
132,79,0,32385
132,79,0,35009
132,79,0,35895
132,79,0,36713
132,79,0,41202
132,79,0,46836
132,79,0,49293
132,79,0,53798
132,79,0,55913
132,79,0,61288
132,79,0,6700
132,79,0,69268
132,80,0,10618
132,80,0,11539
132,80,0,15103
132,80,0,19755
132,80,0,22895
132,80,0,25194
132,80,0,32582
132,80,0,41987
132,80,0,42285
132,80,0,43860
132,80,0,44058
132,80,0,46018
132,80,0,5256
132,80,0,5433
132,80,0,55066
132,80,0,56865
132,80,0,58433
132,80,0,62792
132,80,0,65587
132,80,0,66228
132,80,0,67848
132,80,0,68803
132,80,0,70795
132,80,0,71358
132,81,0,1016
132,81,0,10304
132,81,0,10500
132,81,0,10957
132,81,0,11514
132,81,0,11664
132,81,0,11782
132,81,0,11804
132,81,0,12910
132,81,0,13404
132,81,0,13498
132,81,0,14986
132,81,0,16316
132,81,0,16567
132,81,0,18058
132,81,0,18922
132,81,0,19757
132,81,0,19834
132,81,0,20758
132,81,0,21535
132,81,0,2255
132,81,0,226
132,81,0,23601
132,81,0,24225
132,81,0,24636
132,81,0,24887
132,81,0,26312
132,81,0,2678
132,81,0,26839
132,81,0,26874
132,81,0,27409
132,81,0,28925
132,81,0,30398
132,81,0,30664
132,81,0,32693
132,81,0,3291
132,81,0,33219
132,81,0,33546
132,81,0,33567
132,81,0,33970
132,81,0,34441
132,81,0,35564
132,81,0,35697
132,81,0,35923
132,81,0,36204
132,81,0,36419
132,81,0,36750
132,81,0,37520
132,81,0,38079
132,81,0,38397
132,81,0,40146
132,81,0,42475
132,81,0,42833
132,81,0,44118
132,81,0,44124
132,81,0,44147
132,81,0,451
132,81,0,45838
132,81,0,46866
132,81,0,48042
132,81,0,48815
132,81,0,49113
132,81,0,49728
132,81,0,52799
132,81,0,53282
132,81,0,54250
132,81,0,54627
132,81,0,55027
132,81,0,55047
132,81,0,57108
132,81,0,57119
132,81,0,57499
132,81,0,5784
132,81,0,57930
132,81,0,58218
132,81,0,59314
132,81,0,60478
132,81,0,61087
132,81,0,61281
132,81,0,61389
132,81,0,61424
132,81,0,61919
132,81,0,62264
132,81,0,62785
132,81,0,63059
132,81,0,63085
132,81,0,63578
132,81,0,64814
132,81,0,64959
132,81,0,65765
132,81,0,66026
132,81,0,66355
132,81,0,66430
132,81,0,67927
132,81,0,68201
132,81,0,69153
132,81,0,69240
132,81,0,69563
132,81,0,69751
132,81,0,69840
132,81,0,70248
132,81,0,70401
132,81,0,70517
132,81,0,706
132,81,0,70926
132,81,0,71170
132,81,0,8335
132,81,0,8406
132,81,0,8927
132,81,0,9202
132,81,0,9651
132,83,0,10233
132,83,0,11816
132,83,0,12318
132,83,0,14721
132,83,0,14807
132,83,0,14851
132,83,0,15126
132,83,0,15278
132,83,0,15284
132,83,0,15461
132,83,0,16707
132,83,0,19457
132,83,0,19774
132,83,0,20093
132,83,0,20334
132,83,0,22490
132,83,0,23330
132,83,0,23731
132,83,0,26228
132,83,0,26659
132,83,0,26915
132,83,0,27696
132,83,0,27999
132,83,0,29190
132,83,0,30578
132,83,0,31800
132,83,0,32006
132,83,0,33086
132,83,0,34375
132,83,0,34393
132,83,0,34971
132,83,0,3602
132,83,0,37804
132,83,0,38476
132,83,0,39568
132,83,0,40710
132,83,0,41920
132,83,0,42565
132,83,0,42946
132,83,0,42991
132,83,0,43086
132,83,0,435
132,83,0,44318
132,83,0,44363
132,83,0,45798
132,83,0,46684
132,83,0,46943
132,83,0,47844
132,83,0,49634
132,83,0,50073
132,83,0,50502
132,83,0,50532
132,83,0,51036
132,83,0,52059
132,83,0,53063
132,83,0,57331
132,83,0,57573
132,83,0,57586
132,83,0,57866
132,83,0,58080
132,83,0,59053
132,83,0,61940
132,83,0,62107
132,83,0,62402
132,83,0,6244
132,83,0,63095
132,83,0,63333
132,83,0,63812
132,83,0,64422
132,83,0,66027
132,83,0,66493
132,83,0,67222
132,83,0,67398
132,83,0,67564
132,83,0,68115
132,83,0,68209
132,83,0,69812
132,83,0,69813
132,83,0,69832
132,83,0,70641
132,83,0,71019
132,83,0,71199
132,83,0,7331
132,83,0,7867
132,83,0,9747
132,83,0,992
132,85,0,24753
132,87,0,38542
132,94,0,19756
132,96,0,69093
34,100,0,32369
34,100,0,53799
34,100,0,62622
34,102,0,1250
34,102,0,24331
34,102,0,26663
34,102,0,26861
34,102,0,33758
34,102,0,36472
34,102,0,37155
34,102,0,40903
34,102,0,45077
34,102,0,48475
34,102,0,58734
34,102,0,5970
34,102,0,59830
34,102,0,6482
34,102,0,7519
34,103,0,10154
34,103,0,10515
34,103,0,10583
34,103,0,11090
34,103,0,11707
34,103,0,12023
34,103,0,12527
34,103,0,13573
34,103,0,13909
34,103,0,14099
34,103,0,14159
34,103,0,14551
34,103,0,14888
34,103,0,15527
34,103,0,15829
34,103,0,16580
34,103,0,16678
34,103,0,16781
34,103,0,1680
34,103,0,17265
34,103,0,18203
34,103,0,18548
34,103,0,1861
34,103,0,20008
34,103,0,20581
34,103,0,20766
34,103,0,22136
34,103,0,22205
34,103,0,2249
34,103,0,22563
34,103,0,23054
34,103,0,23339
34,103,0,24501
34,103,0,24640
34,103,0,25098
34,103,0,25120
34,103,0,25269
34,103,0,25731
34,103,0,25883
34,103,0,26002
34,103,0,26033
34,103,0,26148
34,103,0,26378
34,103,0,27136
34,103,0,27148
34,103,0,27480
34,103,0,27846
34,103,0,28269
34,103,0,28403
34,103,0,28832
34,103,0,29004
34,103,0,29157
34,103,0,29391
34,103,0,30185
34,103,0,30259
34,103,0,30369
34,103,0,30504
34,103,0,30747
34,103,0,30779
34,103,0,30803
34,103,0,30847
34,103,0,30902
34,103,0,3147
34,103,0,31887
34,103,0,32426
34,103,0,32853
34,103,0,33029
34,103,0,33299
34,103,0,33440
34,103,0,33946
34,103,0,34473
34,103,0,34529
34,103,0,34981
34,103,0,35195
34,103,0,36157
34,103,0,37099
34,103,0,37830
34,103,0,37922
34,103,0,38892
34,103,0,3932
34,103,0,39331
34,103,0,39590
34,103,0,40546
34,103,0,41237
34,103,0,41503
34,103,0,41533
34,103,0,41579
34,103,0,41703
34,103,0,41838
34,103,0,42268
34,103,0,42697
34,103,0,42863
34,103,0,43370
34,103,0,43625
34,103,0,43682
34,103,0,43942
34,103,0,44036
34,103,0,44308
34,103,0,44374
34,103,0,44998
34,103,0,45049
34,103,0,45831
34,103,0,45910
34,103,0,45934
34,103,0,46600
34,103,0,46739
34,103,0,47152
34,103,0,47390
34,103,0,47759
34,103,0,4879
34,103,0,48824
34,103,0,49103
34,103,0,49548
34,103,0,49902
34,103,0,50299
34,103,0,50344
34,103,0,50401
34,103,0,5087
34,103,0,50906
34,103,0,51105
34,103,0,51358
34,103,0,51705
34,103,0,51825
34,103,0,51931
34,103,0,52109
34,103,0,52459
34,103,0,52757
34,103,0,53851
34,103,0,53890
34,103,0,5407
34,103,0,54292
34,103,0,54502
34,103,0,54566
34,103,0,54607
34,103,0,55184
34,103,0,55213
34,103,0,55255
34,103,0,56201
34,103,0,57068
34,103,0,57075
34,103,0,57102
34,103,0,57615
34,103,0,57753
34,103,0,5832
34,103,0,58434
34,103,0,58462
34,103,0,58695
34,103,0,58832
34,103,0,59503
34,103,0,59546
34,103,0,59904
34,103,0,60083
34,103,0,60208
34,103,0,60294
34,103,0,60457
34,103,0,60535
34,103,0,6081
34,103,0,61351
34,103,0,62200
34,103,0,62405
34,103,0,62549
34,103,0,62705
34,103,0,62710
34,103,0,62726
34,103,0,62818
34,103,0,63708
34,103,0,64309
34,103,0,65094
34,103,0,65213
34,103,0,665
34,103,0,66584
34,103,0,66943
34,103,0,66967
34,103,0,67343
34,103,0,67437
34,103,0,67442
34,103,0,67445
34,103,0,67756
34,103,0,6812
34,103,0,68260
34,103,0,68422
34,103,0,68945
34,103,0,68963
34,103,0,68995
34,103,0,69014
34,103,0,69136
34,103,0,69165
34,103,0,69269
34,103,0,69655
34,103,0,69722
34,103,0,69891
34,103,0,70082
34,103,0,70111
34,103,0,70164
34,103,0,70209
34,103,0,70888
34,103,0,71024
34,103,0,71356
34,103,0,71374
34,103,0,7304
34,103,0,7460
34,103,0,8279
34,103,0,8826
34,103,0,8978
34,103,0,9452
34,104,0,1478
34,118,0,16031
34,118,0,21211
34,118,0,26302
34,118,0,33794
34,118,0,37156
34,118,0,38625
34,118,0,42118
34,118,0,4759
34,118,0,4954
34,118,0,50629
34,118,0,54220
34,118,0,62761
34,118,0,65263
34,118,0,97
34,129,0,24584
34,129,0,27507
34,129,0,35090
34,129,0,35578
34,129,0,36150
34,129,0,4681
34,129,0,50046
34,129,0,60273
34,129,0,63888
34,129,0,67757
34,131,0,64646
34,135,0,16935
34,80,0,19105
34,80,0,2032
34,80,0,215
34,80,0,22772
34,80,0,24775
34,80,0,31342
34,80,0,31682
34,80,0,41537
34,80,0,47566
34,80,0,48651
34,80,0,48981
34,80,0,53471
34,80,0,57668
34,80,0,60265
34,81,0,10968
34,81,0,11429
34,81,0,11462
34,81,0,11556
34,81,0,12294
34,81,0,12833
34,81,0,1463
34,81,0,14795
34,81,0,15568
34,81,0,15605
34,81,0,15732
34,81,0,16829
34,81,0,19865
34,81,0,20899
34,81,0,21276
34,81,0,21725
34,81,0,22121
34,81,0,22240
34,81,0,22642
34,81,0,22877
34,81,0,2341
34,81,0,23900
34,81,0,23901
34,81,0,24083
34,81,0,25024
34,81,0,26967
34,81,0,27868
34,81,0,28064
34,81,0,28644
34,81,0,29350
34,81,0,29769
34,81,0,30866
34,81,0,30933
34,81,0,32241
34,81,0,3226
34,81,0,32817
34,81,0,32930
34,81,0,33327
34,81,0,34007
34,81,0,34355
34,81,0,37338
34,81,0,37515
34,81,0,38506
34,81,0,39142
34,81,0,42063
34,81,0,43303
34,81,0,44156
34,81,0,46005
34,81,0,46390
34,81,0,4700
34,81,0,47681
34,81,0,47957
34,81,0,47983
34,81,0,48369
34,81,0,48934
34,81,0,49107
34,81,0,49259
34,81,0,49743
34,81,0,50833
34,81,0,52023
34,81,0,52093
34,81,0,52175
34,81,0,53144
34,81,0,53691
34,81,0,54089
34,81,0,54159
34,81,0,54667
34,81,0,54963
34,81,0,57060
34,81,0,57343
34,81,0,58142
34,81,0,58404
34,81,0,58558
34,81,0,58899
34,81,0,59035
34,81,0,59638
34,81,0,59665
34,81,0,60258
34,81,0,61446
34,81,0,6181
34,81,0,62265
34,81,0,62383
34,81,0,62525
34,81,0,62743
34,81,0,62905
34,81,0,62934
34,81,0,63786
34,81,0,64395
34,81,0,6455
34,81,0,6706
34,81,0,67241
34,81,0,67540
34,81,0,67613
34,81,0,67640
34,81,0,68896
34,81,0,69180
34,81,0,69294
34,81,0,69846
34,81,0,70294
34,81,0,71099
34,81,0,71369
34,81,0,721
34,81,0,8899
34,81,0,9989
34,85,0,11087
34,85,0,11177
34,85,0,11242
34,85,0,11554
34,85,0,11949
34,85,0,1218
34,85,0,1255
34,85,0,12660
34,85,0,12778
34,85,0,12873
34,85,0,1300
34,85,0,13008
34,85,0,13011
34,85,0,13295
34,85,0,13536
34,85,0,13931
34,85,0,13970
34,85,0,143
34,85,0,14796
34,85,0,15011
34,85,0,15065
34,85,0,15136
34,85,0,15475
34,85,0,15672
34,85,0,15864
34,85,0,15987
34,85,0,16210
34,85,0,16911
34,85,0,16996
34,85,0,17071
34,85,0,17175
34,85,0,17301
34,85,0,1741
34,85,0,17695
34,85,0,1855
34,85,0,18606
34,85,0,18757
34,85,0,18792
34,85,0,18943
34,85,0,19028
34,85,0,1918
34,85,0,19264
34,85,0,19442
34,85,0,19488
34,85,0,20198
34,85,0,20452
34,85,0,20543
34,85,0,20563
34,85,0,20623
34,85,0,21870
34,85,0,22181
34,85,0,22251
34,85,0,22598
34,85,0,22928
34,85,0,23919
34,85,0,243
34,85,0,2490
34,85,0,24942
34,85,0,25781
34,85,0,26359
34,85,0,2660
34,85,0,26601
34,85,0,26943
34,85,0,27097
34,85,0,27677
34,85,0,27688
34,85,0,28377
34,85,0,28699
34,85,0,2872
34,85,0,28720
34,85,0,28741
34,85,0,29317
34,85,0,29360
34,85,0,29650
34,85,0,29961
34,85,0,29968
34,85,0,30258
34,85,0,30770
34,85,0,30840
34,85,0,30924
34,85,0,31047
34,85,0,31248
34,85,0,31483
34,85,0,31705
34,85,0,31709
34,85,0,31997
34,85,0,32366
34,85,0,32740
34,85,0,33005
34,85,0,33143
34,85,0,33285
34,85,0,33831
34,85,0,34002
34,85,0,34059
34,85,0,34100
34,85,0,34227
34,85,0,34648
34,85,0,34776
34,85,0,34933
34,85,0,35052
34,85,0,35570
34,85,0,35941
34,85,0,36363
34,85,0,36377
34,85,0,3641
34,85,0,36797
34,85,0,37215
34,85,0,37223
34,85,0,37271
34,85,0,3777
34,85,0,38836
34,85,0,38855
34,85,0,4104
34,85,0,41394
34,85,0,41803
34,85,0,42056
34,85,0,42383
34,85,0,43655
34,85,0,43984
34,85,0,4414
34,85,0,44432
34,85,0,44653
34,85,0,44669
34,85,0,45415
34,85,0,46241
34,85,0,46705
34,85,0,47077
34,85,0,47163
34,85,0,47454
34,85,0,4806
34,85,0,487
34,85,0,48720
34,85,0,48742
34,85,0,4897
34,85,0,49060
34,85,0,49294
34,85,0,51114
34,85,0,51395
34,85,0,51709
34,85,0,52135
34,85,0,52654
34,85,0,52785
34,85,0,52859
34,85,0,52964
34,85,0,53018
34,85,0,53313
34,85,0,53401
34,85,0,55521
34,85,0,55940
34,85,0,56256
34,85,0,56668
34,85,0,5716
34,85,0,57332
34,85,0,57514
34,85,0,57564
34,85,0,57878
34,85,0,58656
34,85,0,58743
34,85,0,58811
34,85,0,5892
34,85,0,59290
34,85,0,59517
34,85,0,59890
34,85,0,5999
34,85,0,60669
34,85,0,60755
34,85,0,61088
34,85,0,61453
34,85,0,61476
34,85,0,61495
34,85,0,61578
34,85,0,61881
34,85,0,62675
34,85,0,63112
34,85,0,63764
34,85,0,64476
34,85,0,64738
34,85,0,65528
34,85,0,65634
34,85,0,65753
34,85,0,65999
34,85,0,66311
34,85,0,66356
34,85,0,66561
34,85,0,67075
34,85,0,67092
34,85,0,67093
34,85,0,6719
34,85,0,67565
34,85,0,68007
34,85,0,68047
34,85,0,68526
34,85,0,68758
34,85,0,68835
34,85,0,69962
34,85,0,70155
34,85,0,70180
34,85,0,70444
34,85,0,70693
34,85,0,7563
34,85,0,8160
34,85,0,9059
34,85,0,9140
34,85,0,9305
34,85,0,9533
34,85,0,9685
34,85,0,9803
34,85,0,9853
34,85,0,9858
34,85,0,9933
34,87,0,15972
34,87,0,19020
34,87,0,22729
34,87,0,35528
34,87,0,37563
34,87,0,48544
34,87,0,59891
34,87,0,60139
34,87,0,70098
34,90,0,20205
34,90,0,22287
34,90,0,25088
34,90,0,30120
34,90,0,38355
34,90,0,49013
34,90,0,50173
34,90,0,51575
34,90,0,53926
34,90,0,64832
34,90,0,65212
34,90,0,69135
34,90,0,69401
34,90,0,7709
34,92,0,50282
34,92,0,54493
34,92,0,62105
34,96,0,17926
34,96,0,26138
34,96,0,28627
34,96,0,44381
34,96,0,54330
34,98,0,16531
34,98,0,1969
34,98,0,23817
34,98,0,63559
105,100,0,2715
105,102,0,34861
105,103,0,16718
105,103,0,17083
105,103,0,17440
105,103,0,20571
105,103,0,20791
105,103,0,21732
105,103,0,23154
105,103,0,25756
105,103,0,25832
105,103,0,2605
105,103,0,26920
105,103,0,27958
105,103,0,30352
105,103,0,35248
105,103,0,35462
105,103,0,37442
105,103,0,38704
105,103,0,39177
105,103,0,41953
105,103,0,43896
105,103,0,44314
105,103,0,45107
105,103,0,45413
105,103,0,45416
105,103,0,46184
105,103,0,49968
105,103,0,50369
105,103,0,51731
105,103,0,53795
105,103,0,5421
105,103,0,55034
105,103,0,55057
105,103,0,56891
105,103,0,6386
105,103,0,65052
105,103,0,66197
105,103,0,68564
105,103,0,69697
105,103,0,70089
105,103,0,70205
105,112,0,25124
105,118,0,13735
105,118,0,15373
105,118,0,30223
105,118,0,38668
105,118,0,45171
105,118,0,48917
105,118,0,49600
105,118,0,53900
105,118,0,54205
105,118,0,55132
105,118,0,58237
105,118,0,67701
105,118,0,71295
105,118,0,7169
105,118,0,8986
105,121,0,51626
105,121,0,811
105,122,0,61080
105,139,0,1205
105,139,0,15520
105,139,0,22675
105,139,0,33896
105,139,0,34348
105,139,0,43528
105,139,0,5213
105,139,0,69574
105,3,0,52924
105,79,0,65418
105,80,0,26068
105,80,0,37316
105,80,0,44428
105,80,0,51161
105,80,0,57754
105,80,0,66526
105,81,0,1053
105,81,0,14554
105,81,0,14896
105,81,0,18047
105,81,0,18155
105,81,0,18422
105,81,0,18810
105,81,0,22351
105,81,0,2246
105,81,0,23203
105,81,0,26516
105,81,0,2859
105,81,0,2979
105,81,0,32611
105,81,0,35899
105,81,0,36074
105,81,0,39319
105,81,0,40806
105,81,0,4352
105,81,0,45792
105,81,0,46030
105,81,0,46392
105,81,0,52251
105,81,0,52927
105,81,0,53498
105,81,0,56824
105,81,0,57214
105,81,0,57808
105,81,0,58332
105,81,0,5844
105,81,0,59680
105,81,0,59704
105,81,0,59721
105,81,0,60875
105,81,0,63990
105,81,0,6557
105,81,0,6680
105,81,0,67810
105,81,0,68025
105,81,0,68849
105,81,0,70632
105,81,0,71223
105,81,0,7611
105,82,0,50584
105,84,0,11109
105,84,0,14823
105,84,0,20335
105,84,0,31589
105,84,0,32937
105,84,0,41228
105,84,0,43778
105,84,0,46006
105,85,0,10176
105,85,0,10326
105,85,0,11883
105,85,0,11971
105,85,0,12468
105,85,0,13323
105,85,0,13516
105,85,0,13529
105,85,0,13599
105,85,0,13758
105,85,0,13781
105,85,0,14133
105,85,0,14213
105,85,0,14423
105,85,0,14930
105,85,0,155
105,85,0,15891
105,85,0,15997
105,85,0,16763
105,85,0,16980
105,85,0,1703
105,85,0,17665
105,85,0,1795
105,85,0,1843
105,85,0,18462
105,85,0,19087
105,85,0,19443
105,85,0,20957
105,85,0,21056
105,85,0,21406
105,85,0,21581
105,85,0,22272
105,85,0,231
105,85,0,23231
105,85,0,23685
105,85,0,23754
105,85,0,23823
105,85,0,23914
105,85,0,24034
105,85,0,25132
105,85,0,25951
105,85,0,2608
105,85,0,26537
105,85,0,26618
105,85,0,26685
105,85,0,27556
105,85,0,27624
105,85,0,27678
105,85,0,2810
105,85,0,28472
105,85,0,28659
105,85,0,28664
105,85,0,29711
105,85,0,2983
105,85,0,29990
105,85,0,30399
105,85,0,30555
105,85,0,30680
105,85,0,30702
105,85,0,31420
105,85,0,315
105,85,0,31794
105,85,0,31937
105,85,0,32977
105,85,0,33230
105,85,0,33291
105,85,0,33605
105,85,0,3363
105,85,0,34820
105,85,0,34847
105,85,0,35236
105,85,0,3548
105,85,0,36673
105,85,0,36674
105,85,0,3670
105,85,0,36899
105,85,0,37109
105,85,0,37203
105,85,0,37554
105,85,0,38555
105,85,0,38943
105,85,0,39064
105,85,0,39426
105,85,0,39526
105,85,0,39883
105,85,0,39992
105,85,0,40104
105,85,0,40338
105,85,0,41634
105,85,0,41657
105,85,0,4172
105,85,0,4176
105,85,0,41848
105,85,0,41912
105,85,0,42109
105,85,0,4214
105,85,0,4261
105,85,0,42940
105,85,0,43529
105,85,0,43783
105,85,0,43978
105,85,0,44227
105,85,0,44440
105,85,0,4460
105,85,0,45080
105,85,0,45087
105,85,0,45102
105,85,0,45747
105,85,0,46
105,85,0,46270
105,85,0,46330
105,85,0,46375
105,85,0,46432
105,85,0,46784
105,85,0,47226
105,85,0,47459
105,85,0,47766
105,85,0,47845
105,85,0,47886
105,85,0,48034
105,85,0,48289
105,85,0,48452
105,85,0,48476
105,85,0,48881
105,85,0,49032
105,85,0,49149
105,85,0,4962
105,85,0,49780
105,85,0,49812
105,85,0,50319
105,85,0,50474
105,85,0,50877
105,85,0,51162
105,85,0,51314
105,85,0,51653
105,85,0,5190
105,85,0,51926
105,85,0,52332
105,85,0,52530
105,85,0,5288
105,85,0,53754
105,85,0,53787
105,85,0,53794
105,85,0,54138
105,85,0,54338
105,85,0,55051
105,85,0,5507
105,85,0,55677
105,85,0,55758
105,85,0,5626
105,85,0,57676
105,85,0,57743
105,85,0,57996
105,85,0,58744
105,85,0,58861
105,85,0,60084
105,85,0,60094
105,85,0,6064
105,85,0,61011
105,85,0,61206
105,85,0,61399
105,85,0,61496
105,85,0,61593
105,85,0,61717
105,85,0,62459
105,85,0,62572
105,85,0,62894
105,85,0,63403
105,85,0,64786
105,85,0,64950
105,85,0,65300
105,85,0,66047
105,85,0,66976
105,85,0,6793
105,85,0,67997
105,85,0,68193
105,85,0,68510
105,85,0,68532
105,85,0,68744
105,85,0,68977
105,85,0,68996
105,85,0,6942
105,85,0,69642
105,85,0,69709
105,85,0,69766
105,85,0,70024
105,85,0,70407
105,85,0,70824
105,85,0,71022
105,85,0,71219
105,85,0,71357
105,85,0,7172
105,85,0,7389
105,85,0,7448
105,85,0,7618
105,85,0,7677
105,85,0,7923
105,85,0,8710
105,85,0,9020
105,85,0,9025
105,85,0,9109
105,85,0,9309
105,87,0,13688
105,87,0,22104
105,87,0,51379
105,87,0,53660
105,87,0,66213
105,88,0,65379
105,90,0,11385
105,90,0,17296
105,90,0,19413
105,90,0,22368
105,90,0,25261
105,90,0,55889
105,90,0,58203
105,90,0,60137
105,90,0,79
105,92,0,20986
105,92,0,37312
105,92,0,4436
105,92,0,62830
105,92,0,68859
105,95,0,10921
105,95,0,11379
105,95,0,14476
105,95,0,15033
105,95,0,15379
105,95,0,1571
105,95,0,15858
105,95,0,18463
105,95,0,19204
105,95,0,23019
105,95,0,2465
105,95,0,26927
105,95,0,29486
105,95,0,31429
105,95,0,32684
105,95,0,32928
105,95,0,33933
105,95,0,34340
105,95,0,34530
105,95,0,35799
105,95,0,36091
105,95,0,36672
105,95,0,42204
105,95,0,43073
105,95,0,43512
105,95,0,44685
105,95,0,44717
105,95,0,45715
105,95,0,45757
105,95,0,48486
105,95,0,50105
105,95,0,52507
105,95,0,52944
105,95,0,53405
105,95,0,53430
105,95,0,53444
105,95,0,55463
105,95,0,56302
105,95,0,56544
105,95,0,56777
105,95,0,5780
105,95,0,58232
105,95,0,59915
105,95,0,60890
105,95,0,6188
105,95,0,62092
105,95,0,64023
105,95,0,64468
105,95,0,67431
105,95,0,6853
105,95,0,69342
105,95,0,70199
105,95,0,71252
105,95,0,713
105,95,0,8192
105,96,0,24051
105,96,0,30505
105,96,0,58017
105,99,0,50871
11,1,0,41611
11,100,0,10125
11,100,0,10764
11,100,0,10820
11,100,0,1112
11,100,0,12945
11,100,0,13104
11,100,0,13786
11,100,0,14882
11,100,0,17279
11,100,0,18980
11,100,0,21608
11,100,0,21637
11,100,0,21807
11,100,0,22808
11,100,0,23320
11,100,0,23326
11,100,0,24288
11,100,0,24707
11,100,0,25603
11,100,0,26686
11,100,0,27777
11,100,0,29671
11,100,0,31384
11,100,0,31710
11,100,0,32247
11,100,0,32799
11,100,0,33063
11,100,0,34356
11,100,0,34442
11,100,0,34537
11,100,0,34904
11,100,0,36420
11,100,0,3778
11,100,0,38986
11,100,0,39024
11,100,0,39696
11,100,0,40137
11,100,0,40668
11,100,0,40776
11,100,0,41617
11,100,0,42064
11,100,0,44025
11,100,0,44203
11,100,0,44771
11,100,0,44793
11,100,0,44802
11,100,0,44819
11,100,0,45298
11,100,0,45963
11,100,0,46093
11,100,0,46399
11,100,0,47850
11,100,0,48935
11,100,0,49176
11,100,0,50456
11,100,0,51580
11,100,0,51736
11,100,0,51743
11,100,0,56296
11,100,0,59652
11,100,0,59658
11,100,0,61631
11,100,0,62121
11,100,0,6338
11,100,0,63492
11,100,0,64317
11,100,0,64830
11,100,0,65802
11,100,0,66502
11,100,0,66534
11,100,0,67331
11,100,0,67473
11,100,0,68590
11,100,0,68786
11,100,0,69099
11,100,0,69214
11,100,0,6927
11,100,0,7022
11,100,0,722
11,100,0,7390
11,100,0,7692
11,100,0,7909
11,100,0,7916
11,100,0,8701
11,100,0,8831
11,100,0,9068
11,100,0,9327
11,100,0,9636
11,102,0,16917
11,102,0,51259
11,102,0,54487
11,104,0,11694
11,104,0,13646
11,104,0,14605
11,104,0,15830
11,104,0,18526
11,104,0,18857
11,104,0,19137
11,104,0,20191
11,104,0,20798
11,104,0,21330
11,104,0,22210
11,104,0,22638
11,104,0,22784
11,104,0,23089
11,104,0,25465
11,104,0,25955
11,104,0,26888
11,104,0,30114
11,104,0,30500
11,104,0,31184
11,104,0,31244
11,104,0,31893
11,104,0,32667
11,104,0,33634
11,104,0,33812
11,104,0,35086
11,104,0,36625
11,104,0,36720
11,104,0,36846
11,104,0,39774
11,104,0,41256
11,104,0,41305
11,104,0,42271
11,104,0,42809
11,104,0,42925
11,104,0,43094
11,104,0,43660
11,104,0,43676
11,104,0,44549
11,104,0,44647
11,104,0,4524
11,104,0,47767
11,104,0,47935
11,104,0,48409
11,104,0,49069
11,104,0,49143
11,104,0,49526
11,104,0,50507
11,104,0,50525
11,104,0,51903
11,104,0,52185
11,104,0,56563
11,104,0,56704
11,104,0,56804
11,104,0,57321
11,104,0,57517
11,104,0,58791
11,104,0,59305
11,104,0,59449
11,104,0,59794
11,104,0,60011
11,104,0,60338
11,104,0,61562
11,104,0,6203
11,104,0,63258
11,104,0,64301
11,104,0,65838
11,104,0,68051
11,104,0,69628
11,104,0,70506
11,104,0,71070
11,104,0,71138
11,104,0,7148
11,104,0,7903
11,104,0,9513
11,106,0,10925
11,106,0,11203
11,106,0,11744
11,106,0,14060
11,106,0,14597
11,106,0,15592
11,106,0,20768
11,106,0,25317
11,106,0,27256
11,106,0,2906
11,106,0,30247
11,106,0,35166
11,106,0,38138
11,106,0,41959
11,106,0,41978
11,106,0,42628
11,106,0,42792
11,106,0,47613
11,106,0,48796
11,106,0,51396
11,106,0,55371
11,106,0,56257
11,106,0,59575
11,106,0,61081
11,106,0,61704
11,106,0,69529
11,106,0,70572
11,106,0,8951
11,118,0,21573
11,118,0,27755
11,122,0,18503
11,122,0,20617
11,122,0,2582
11,122,0,29976
11,122,0,60085
11,128,0,12034
11,128,0,61531
11,129,0,1258
11,129,0,16040
11,129,0,1656
11,129,0,16877
11,129,0,17700
11,129,0,22766
11,129,0,2555
11,129,0,26360
11,129,0,26862
11,129,0,29392
11,129,0,33340
11,129,0,33417
11,129,0,36111
11,129,0,37751
11,129,0,39601
11,129,0,42507
11,129,0,43293
11,129,0,43395
11,129,0,45241
11,129,0,48909
11,129,0,49044
11,129,0,49121
11,129,0,49917
11,129,0,51013
11,129,0,58481
11,129,0,59038
11,129,0,60216
11,129,0,60863
11,129,0,61585
11,129,0,63553
11,129,0,65820
11,129,0,66497
11,129,0,66881
11,129,0,7975
11,129,0,9095
11,130,0,1349
11,130,0,14181
11,130,0,1848
11,130,0,24346
11,130,0,24801
11,130,0,25121
11,130,0,50646
11,130,0,5763
11,130,0,8591
11,142,0,1301
11,142,0,34349
11,146,0,54688
11,79,0,13867
11,79,0,43
11,79,0,4938
11,79,0,51327
11,79,0,64418
11,80,0,19257
11,80,0,29460
11,80,0,3342
11,80,0,34920
11,80,0,41115
11,80,0,44079
11,80,0,44200
11,80,0,47493
11,80,0,55900
11,80,0,59662
11,80,0,59898
11,81,0,10461
11,81,0,12138
11,81,0,12185
11,81,0,12438
11,81,0,15192
11,81,0,15208
11,81,0,16012
11,81,0,16983
11,81,0,17057
11,81,0,17423
11,81,0,19075
11,81,0,19205
11,81,0,20314
11,81,0,20944
11,81,0,2113
11,81,0,22046
11,81,0,2214
11,81,0,24151
11,81,0,27737
11,81,0,28092
11,81,0,28889
11,81,0,3008
11,81,0,31403
11,81,0,31801
11,81,0,32096
11,81,0,33726
11,81,0,36181
11,81,0,39647
11,81,0,40777
11,81,0,44125
11,81,0,44239
11,81,0,44261
11,81,0,4816
11,81,0,4963
11,81,0,49851
11,81,0,4994
11,81,0,50987
11,81,0,51315
11,81,0,52906
11,81,0,5297
11,81,0,57628
11,81,0,59016
11,81,0,60335
11,81,0,60977
11,81,0,61109
11,81,0,63271
11,81,0,64191
11,81,0,64446
11,81,0,6541
11,81,0,65426
11,81,0,66589
11,81,0,70342
11,81,0,7415
11,81,0,7765
11,81,0,8412
11,81,0,9563
11,83,0,10159
11,83,0,10294
11,83,0,1068
11,83,0,10821
11,83,0,11557
11,83,0,12024
11,83,0,12954
11,83,0,12967
11,83,0,12992
11,83,0,13333
11,83,0,13485
11,83,0,13517
11,83,0,13716
11,83,0,13790
11,83,0,14068
11,83,0,14128
11,83,0,14153
11,83,0,14759
11,83,0,14901
11,83,0,1492
11,83,0,15199
11,83,0,15339
11,83,0,15831
11,83,0,16548
11,83,0,17492
11,83,0,17980
11,83,0,1824
11,83,0,1896
11,83,0,19172
11,83,0,19714
11,83,0,20349
11,83,0,21367
11,83,0,21549
11,83,0,21716
11,83,0,22001
11,83,0,22288
11,83,0,22445
11,83,0,22532
11,83,0,22926
11,83,0,23001
11,83,0,23020
11,83,0,23715
11,83,0,24473
11,83,0,24876
11,83,0,25108
11,83,0,2517
11,83,0,25404
11,83,0,25524
11,83,0,26127
11,83,0,26461
11,83,0,26570
11,83,0,27344
11,83,0,28503
11,83,0,28969
11,83,0,29153
11,83,0,29177
11,83,0,29253
11,83,0,2991
11,83,0,29938
11,83,0,3196
11,83,0,32038
11,83,0,33220
11,83,0,33309
11,83,0,33568
11,83,0,33593
11,83,0,34116
11,83,0,34404
11,83,0,3470
11,83,0,34964
11,83,0,35301
11,83,0,35513
11,83,0,35813
11,83,0,35846
11,83,0,36002
11,83,0,36870
11,83,0,36978
11,83,0,37014
11,83,0,37100
11,83,0,37131
11,83,0,37374
11,83,0,37617
11,83,0,38206
11,83,0,38878
11,83,0,38899
11,83,0,38960
11,83,0,39259
11,83,0,39384
11,83,0,39488
11,83,0,39896
11,83,0,40346
11,83,0,40555
11,83,0,40583
11,83,0,41471
11,83,0,4162
11,83,0,41746
11,83,0,4185
11,83,0,42767
11,83,0,45050
11,83,0,4537
11,83,0,46576
11,83,0,46668
11,83,0,46932
11,83,0,47460
11,83,0,47853
11,83,0,47974
11,83,0,48569
11,83,0,48902
11,83,0,49869
11,83,0,50416
11,83,0,50645
11,83,0,52079
11,83,0,52136
11,83,0,53014
11,83,0,53084
11,83,0,53268
11,83,0,53395
11,83,0,53593
11,83,0,53874
11,83,0,53965
11,83,0,54112
11,83,0,54285
11,83,0,54376
11,83,0,54757
11,83,0,55318
11,83,0,554
11,83,0,55414
11,83,0,55622
11,83,0,55992
11,83,0,56158
11,83,0,56343
11,83,0,56395
11,83,0,56557
11,83,0,56655
11,83,0,56724
11,83,0,56910
11,83,0,57596
11,83,0,5785
11,83,0,58091
11,83,0,58647
11,83,0,58855
11,83,0,5894
11,83,0,58948
11,83,0,59147
11,83,0,5938
11,83,0,59663
11,83,0,60002
11,83,0,61095
11,83,0,61359
11,83,0,61645
11,83,0,62398
11,83,0,62706
11,83,0,62807
11,83,0,6347
11,83,0,64215
11,83,0,64216
11,83,0,64635
11,83,0,64696
11,83,0,64760
11,83,0,65071
11,83,0,66607
11,83,0,68464
11,83,0,68543
11,83,0,68695
11,83,0,68765
11,83,0,69273
11,83,0,69814
11,83,0,70116
11,83,0,70688
11,83,0,70785
11,83,0,70937
11,83,0,71224
11,83,0,9579
11,83,0,9706
11,83,0,993
11,83,0,9942
11,85,0,13728
11,85,0,13812
11,85,0,14582
11,85,0,18505
11,85,0,19553
11,85,0,19617
11,85,0,21215
11,85,0,29275
11,85,0,35091
11,85,0,36431
11,85,0,37373
11,85,0,40339
11,85,0,40908
11,85,0,43750
11,85,0,44361
11,85,0,46242
11,85,0,48936
11,85,0,50595
11,85,0,56714
11,85,0,56746
11,85,0,56843
11,85,0,58416
11,85,0,6011
11,85,0,60199
11,85,0,61400
11,85,0,61488
11,85,0,61920
11,85,0,64411
11,85,0,64732
11,85,0,70587
11,85,0,7155
11,85,0,7409
11,85,0,7623
11,86,0,57322
11,87,0,17532
11,87,0,18579
11,87,0,25357
11,87,0,2769
11,87,0,28183
11,87,0,28265
11,87,0,28760
11,87,0,35500
11,87,0,3992
11,87,0,43784
11,87,0,53267
11,87,0,58219
11,87,0,60719
11,87,0,60906
11,87,0,62079
11,87,0,63625
11,87,0,65675
11,87,0,70295
11,93,0,17023
11,93,0,27825
11,93,0,31938
11,93,0,41369
11,93,0,67158
11,93,0,68261
11,93,0,8278
11,96,0,17419
11,96,0,18742
11,96,0,1911
11,96,0,2112
11,96,0,24737
11,96,0,36839
11,96,0,47770
11,96,0,52546
11,96,0,52970
11,96,0,61318
11,96,0,66892
11,96,0,71091
11,98,0,11466
11,98,0,20735
11,98,0,24937
11,98,0,2856
11,98,0,32192
11,98,0,35196
11,98,0,35862
11,98,0,42906
11,98,0,67467
11,98,0,70929
