4339 3678
149
972 1 3483 416 Flughafen
13903 3 3381 427 Flughafen
9080 3 2903 638 Neufahrn(b
1576 2 2694 769 Eching
3263 2 2530 871 Lohhof
637 2 2471 970 Unterschleissheim
3566 2 2421 1085 Oberschleissheim
14506 2 2341 1390 Feldmoching
5870 2 2264 1505 Fasanerie
7544 2 2178 1620 Moosach
9374 4 2165 1875 Laim
11586 2 2241 1877 Hirschgarten
10734 3 2324 1883 Donnersbergerbruecke
12960 2 2377 1880 Hackerbruecke
7640 2 2421 1892 Hbf
13692 2 2458 1905 Karlsplatz
13337 2 2502 1922 Marienplatz
5508 2 2538 1941 Isartor
8257 2 2584 1976 Rosenheimer
1123 3 2636 1986 Ostbahnhof
13736 3 2691 1941 Leuchtenbergring
7742 2 3098 340 Pulling(b
4181 1 3289 129 Freising
7803 3 2600 2103 Giesing
7897 2 2597 2051 St.Martin-Str.
5266 1 4069 766 Erding
9449 2 4018 838 Altenerding
7663 2 3984 963 Aufhausen(b
5404 2 3933 1182 St
12264 2 3916 1358 Ottenhofen
1754 2 3836 1529 Markt
628 2 3593 1683 Poing
7962 2 3466 1731 Grub
6678 2 3358 1771 Heimstetten
12501 2 3231 1820 Feldkirchen(b
1018 2 2980 1874 Riem
10048 3 2771 1943 Berg
743 2 2050 1733 Obermenzing
10775 2 2025 1639 Untermenzing
9675 2 2003 1555 Allach
10423 2 1963 1406 Karlsfeld
12642 3 1888 1105 Dachau
10915 2 1871 1021 Dachau
9748 2 1591 930 Bachern
11532 2 1522 782 Schwabhausen
10961 2 1635 636 Niederroth
11690 2 1587 425 Markt
9299 2 1426 502 Arnbach
13685 2 1239 558 Erdweg
10086 2 1105 410 Kleinberghofen
2477 1 1011 197 Altomuenster
557 1 2012 0 Petershausen(Obb)
1747 2 1896 364 Vierkirchen-Esterhofen
9140 2 1894 555 Roehrmoos
9408 2 1941 855 Hebertshausen
7036 4 1965 1837 Pasing
4618 2 2299 1948 Heimeranplatz
1630 2 2321 2124 Mittersendling
3026 2 2304 2215 Siemenswerke
9954 2 2277 2318 Solln
13764 2 2295 2380 Grosshesselohe
4735 2 2253 2465 Pullach
3463 2 2196 2573 Hoellriegelskreuth
2932 2 539 1956 Grafrath
10962 2 716 1857 Schoengeising
4086 2 873 1756 Buchenau
5374 2 1049 1678 Fuerstenfeldbruck
3104 2 1354 1629 Eichenau
3784 2 1470 1678 Puchheim
2755 2 1746 1790 Aubing
12468 2 1818 1800 Leienfelsstr.
7849 1 0 2138 Geltendorf
14447 2 181 2147 Tuerkenfeld
9955 2 2541 2739 Deisenhofen
1906 2 2587 2626 Furth(b
9286 2 2660 2518 Taufkirchen
3630 2 2675 2423 Unterhaching
1615 2 2660 2319 Fasanenpark
5272 2 2642 2228 Fasangarten
6404 2 1838 1741 Langwied
6024 2 1723 1646 Lochhausen
6290 2 1565 1519 Groebenzell
3996 2 1386 1415 Olching
411 2 1301 1400 Esting
1375 2 1221 1393 Gernlinden
2265 2 1020 1386 Maisach
4278 2 845 1375 Malching
2790 1 640 1368 Mammendorf
13192 2 2871 3054 Sauerlach
13839 2 2999 3490 Otterfing
1050 1 3070 3678 Holzkirchen
14593 2 2912 2000 Trudering
8038 2 3075 2051 Gronsdorf
10996 2 3226 2100 Haar
13836 2 3380 2150 Vaterstetten
13704 2 3486 2185 Baldham
13037 2 3699 2251 Zorneding
610 2 3846 2301 Eglharting
11661 2 3953 2381 Kirchseeon
6426 2 4201 2573 Grafing
4852 1 4338 2353 Ebersberg
14716 2 4305 2545 Grafing
993 1 1096 3518 Tutzing
1385 2 1175 3243 Feldafing
197 2 1251 3138 Possenhofen
4950 2 1423 2903 Starnberg
2487 2 1441 2834 Starnberg
4036 2 1575 2384 Gauting
8480 2 1690 2226 Stockdorf
12313 2 1750 2141 Planegg
1456 2 1806 2041 Graefelfing
1939 2 1830 1981 Lochham
230 3 1882 1838 Westkreuz
5504 1 1813 3468 Wolfratshausen
5990 2 1856 3200 Icking
12322 2 1936 3023 Ebenhausen-Schaeftlarn
1646 2 1955 2934 Hohenschaeftlarn
561 2 2075 2742 Baierbrunn
6295 2 2141 2652 Buchenhain
4140 2 2320 2060 Harras
491 2 2763 2225 Perlach
5485 2 2826 2258 Neuperlach
3812 2 2898 2348 Neubiberg
11238 2 2980 2432 Ottobrunn
12969 2 3076 2550 Hohenbrunn
13523 2 3143 2629 Waechterhof
6224 2 3171 2747 Hoehenkirchen-Siegertsbrunn
2898 2 3247 2920 Duerrnhaar
7283 2 3405 3091 Aying
10217 2 3438 3152 Peiss
9045 2 3463 3255 Grosshelfendorf
5163 1 3356 3455 Kreuzstrasse
11594 2 3149 725 Hallbergmoos
8148 2 2987 1303 Ismaning
3167 2 2835 1552 Unterfoehring
3107 2 2836 1701 Johanneskirchen
7966 2 2841 1783 Englschalking
3681 2 2846 1833 Daglfing
8416 2 1796 1876 Neuaubing
6256 2 1735 1901 Freiham
2269 2 1630 1946 Harthaus
5097 2 1518 1978 Germering-Unterpfaffenhofen
3260 2 1335 2115 Geisenbrunn
1448 2 1221 2138 Gilching-Argelsried
7294 2 1170 2185 Neugilching
3690 2 996 2336 Wessling
14065 2 787 2450 Steinebach
12951 2 750 2587 Seefeld-Hechendorf
4187 1 619 2883 Herrsching
149
972 13903 258
13903 11594 256
13903 9080 2
9080 1576 2
9080 7742 2
1576 3263 2
3263 637 2
637 3566 2
3566 14506 2
14506 5870 2
5870 7544 2
7544 9374 2
9374 11586 350
9374 7036 344
9374 743 4
11586 10734 350
10734 12960 478
10734 4618 128
12960 7640 478
7640 13692 478
13692 13337 478
13337 5508 478
5508 8257 478
8257 1123 478
1123 13736 342
1123 7897 136
13736 10048 84
13736 3681 256
7742 4181 2
7803 5272 8
7803 7897 136
7803 491 128
5266 9449 4
9449 7663 4
7663 5404 4
5404 12264 4
12264 1754 4
1754 628 4
628 7962 4
7962 6678 4
6678 12501 4
12501 1018 4
1018 10048 4
10048 14593 80
743 10775 4
10775 9675 4
9675 10423 4
10423 12642 4
12642 9408 4
12642 10915 4
10915 9748 4
9748 11532 4
11532 10961 4
10961 11690 4
11690 9299 4
9299 13685 4
13685 10086 4
10086 2477 4
557 1747 4
1747 9140 4
9140 9408 4
7036 12468 1048592
7036 6404 8
7036 230 320
4618 4140 128
1630 3026 1048704
1630 4140 128
3026 9954 1048704
9954 13764 1048704
13764 4735 1048704
4735 3463 1048704
3463 6295 128
2932 14447 1048592
2932 10962 1048592
10962 4086 1048592
4086 5374 1048592
5374 3104 1048592
3104 3784 1048592
3784 2755 1048592
2755 12468 1048592
7849 14447 1048592
9955 13192 8
9955 1906 8
1906 9286 8
9286 3630 8
3630 1615 8
1615 5272 8
6404 6024 8
6024 6290 8
6290 3996 8
3996 411 8
411 1375 8
1375 2265 8
2265 4278 8
4278 2790 8
13192 13839 8
13839 1050 8
14593 8038 80
8038 10996 80
10996 13836 80
13836 13704 80
13704 13037 80
13037 610 80
610 11661 80
11661 6426 80
6426 14716 80
4852 14716 80
993 1385 64
1385 197 64
197 4950 64
4950 2487 64
2487 4036 64
4036 8480 64
8480 12313 64
12313 1456 64
1456 1939 64
1939 230 64
230 8416 256
5504 5990 128
5990 12322 128
12322 1646 128
1646 561 128
561 6295 128
491 5485 128
5485 3812 128
3812 11238 128
11238 12969 128
12969 13523 128
13523 6224 128
6224 2898 128
2898 7283 128
7283 10217 128
10217 9045 128
9045 5163 128
11594 8148 256
8148 3167 256
3167 3107 256
3107 7966 256
7966 3681 256
8416 6256 256
6256 2269 256
2269 5097 256
5097 3260 256
3260 1448 256
1448 7294 256
7294 3690 256
3690 14065 256
14065 12951 256
12951 4187 256
